image_width: 1280
image_height: 720
camera_name: narrow_stereo
camera_matrix:
  rows: 3
  cols: 3
  data: [ 920.08437,    0.     ,  658.90816,
            0.     ,  923.60083,  364.76548,
            0.     ,    0.     ,    1.     ]
distortion_model: plumb_bob
distortion_coefficients:
  rows: 1
  cols: 5
  data: [0.125819, -0.239749, 0.002829, -0.003018, 0.000000]
rectification_matrix:
  rows: 3
  cols: 3
  data: [ 1.,  0.,  0.,
          0.,  1.,  0.,
          0.,  0.,  1.]
projection_matrix:
  rows: 3
  cols: 4
  data: [ 924.98187,    0.     ,  656.56129,    0.     ,
            0.     ,  940.6972 ,  366.26553,    0.     ,
            0.     ,    0.     ,    1.     ,    0.     ]
