# oST version 5.0 parameters


[image]

width
1280

height
720

[narrow_stereo]

camera matrix
920.084366 0.000000 658.908164
0.000000 923.600834 364.765485
0.000000 0.000000 1.000000

distortion
0.125819 -0.239749 0.002829 -0.003018 0.000000

rectification
1.000000 0.000000 0.000000
0.000000 1.000000 0.000000
0.000000 0.000000 1.000000

projection
924.981873 0.000000 656.561290 0.000000
0.000000 940.697205 366.265528 0.000000
0.000000 0.000000 1.000000 0.000000
