image_width: 1280
image_height: 720
camera_name: narrow_stereo
camera_matrix:
  rows: 3
  cols: 3
  data: [ 916.71216,    0.     ,  661.29395,
            0.     ,  914.98209,  355.67019,
            0.     ,    0.     ,    1.     ]
distortion_model: plumb_bob
distortion_coefficients:
  rows: 1
  cols: 5
  data: [0.129517, -0.233998, 0.000628, 0.001848, 0.000000]
rectification_matrix:
  rows: 3
  cols: 3
  data: [ 1.,  0.,  0.,
          0.,  1.,  0.,
          0.,  0.,  1.]
projection_matrix:
  rows: 3
  cols: 4
  data: [ 923.42542,    0.     ,  666.10908,    0.     ,
            0.     ,  932.33173,  355.99937,    0.     ,
            0.     ,    0.     ,    1.     ,    0.     ]
