# oST version 5.0 parameters


[image]

width
1280

height
720

[narrow_stereo]

camera matrix
916.712161 0.000000 661.293953
0.000000 914.982095 355.670190
0.000000 0.000000 1.000000

distortion
0.129517 -0.233998 0.000628 0.001848 0.000000

rectification
1.000000 0.000000 0.000000
0.000000 1.000000 0.000000
0.000000 0.000000 1.000000

projection
923.425415 0.000000 666.109083 0.000000
0.000000 932.331726 355.999370 0.000000
0.000000 0.000000 1.000000 0.000000
