# oST version 5.0 parameters


[image]

width
1280

height
720

[narrow_stereo]

camera matrix
935.649306 0.000000 653.808080
0.000000 941.781954 359.420504
0.000000 0.000000 1.000000

distortion
0.114044 -0.227833 0.003321 0.004416 0.000000

rectification
1.000000 0.000000 0.000000
0.000000 1.000000 0.000000
0.000000 0.000000 1.000000

projection
938.216125 0.000000 661.530262 0.000000
0.000000 957.856506 361.063977 0.000000
0.000000 0.000000 1.000000 0.000000
